0 0.286280 0.667592 0.077840 0.129776
0 0.258354 0.142298 0.040645 0.052867
0 0.083778 0.955699 0.119345 0.086788
0 0.114603 0.354276 0.032600 0.029271
0 0.054237 0.742248 0.038196 0.080950
0 0.293745 0.074661 0.022488 0.063547
0 0.081814 0.471871 0.043954 0.059694
0 0.062086 0.561026 0.029148 0.048777
0 0.435698 0.220515 0.083379 0.102253
0 0.221563 0.358403 0.043341 0.103641
0 0.354274 0.364202 0.083840 0.168955
0 0.116867 0.461830 0.105574 0.132890
0 0.061376 0.602890 0.040008 0.048367
0 0.237826 0.296866 0.058807 0.058434
0 0.212345 0.227873 0.029460 0.056295
0 0.138335 0.423141 0.095483 0.143969
0 0.160997 0.323135 0.034397 0.124196
0 0.076991 0.685308 0.061777 0.106456
0 0.177046 0.413497 0.103091 0.178619
0 0.268408 0.236062 0.065454 0.093930
0 0.196415 0.365114 0.064459 0.218844
0 0.120003 0.861776 0.113442 0.166474
0 0.336782 0.115822 0.065606 0.112274
0 0.302041 0.183399 0.057233 0.091783
0 0.655487 0.557611 0.155703 0.318392
0 0.522503 0.751109 0.203154 0.298432
0 0.281036 0.483191 0.097787 0.181248
0 0.460966 0.296734 0.095799 0.167378
0 0.385910 0.425766 0.079820 0.227378