0 0.286416 0.667665 0.077935 0.129765
0 0.114298 0.357221 0.033889 0.035836
0 0.233675 0.297614 0.065854 0.051245
0 0.301249 0.098085 0.042171 0.102783
0 0.055407 0.678815 0.062467 0.099274
0 0.270696 0.244501 0.054560 0.092677
0 0.091045 0.385173 0.016912 0.035325
0 0.168403 0.317210 0.027518 0.101507
0 0.062813 0.557909 0.032530 0.056939
0 0.062879 0.609133 0.041136 0.052434
0 0.096660 0.442804 0.061694 0.083805
0 0.446865 0.227691 0.107050 0.115565
0 0.112886 0.643180 0.075887 0.091442
0 0.228431 0.357403 0.054112 0.109564
0 0.050952 0.736816 0.050328 0.091052
0 0.367136 0.345647 0.107624 0.137528
0 0.211577 0.212323 0.038843 0.065098
0 0.183078 0.227301 0.047181 0.099872
0 0.297066 0.193806 0.061661 0.068135
0 0.195487 0.346608 0.052930 0.150627
0 0.120340 0.878358 0.118603 0.151667
0 0.336731 0.113009 0.065145 0.109570
0 0.280113 0.481553 0.096584 0.177878
0 0.525959 0.755168 0.210172 0.305607
0 0.459500 0.304660 0.095122 0.173813
0 0.377290 0.430268 0.080932 0.215970
0 0.649529 0.563345 0.166705 0.336857