0 0.076806 0.692692 0.049619 0.113786
0 0.385107 0.445248 0.078471 0.181824
0 0.337679 0.111068 0.062479 0.111668
0 0.119739 0.871354 0.082210 0.132966
0 0.435455 0.228229 0.082671 0.116826
0 0.280143 0.482053 0.096411 0.178664
0 0.463703 0.291258 0.090049 0.176494
0 0.523330 0.752867 0.204950 0.300823
0 0.647840 0.562776 0.169809 0.332723
0 0.353273 0.345481 0.089850 0.113703
0 0.270430 0.239796 0.046161 0.091837
0 0.304227 0.199708 0.074188 0.090379
0 0.298044 0.072886 0.027202 0.052478
0 0.216025 0.216472 0.031324 0.039359
0 0.193357 0.357143 0.058526 0.204082
0 0.225093 0.358601 0.044513 0.087464
0 0.060231 0.599125 0.032972 0.043732
0 0.041684 0.744169 0.050283 0.080175
0 0.148844 0.392128 0.068418 0.169096
0 0.163682 0.384840 0.055229 0.145773
0 0.166979 0.279155 0.035445 0.083090
0 0.067650 0.510933 0.029675 0.045190
0 0.085785 0.478134 0.029675 0.064140
0 0.112987 0.441691 0.084080 0.131195
0 0.112575 0.362245 0.022256 0.033528