0 0.084101 0.955432 0.118965 0.087411
0 0.157498 0.282324 0.020451 0.038867
0 0.294777 0.075817 0.024525 0.064283
0 0.062566 0.560507 0.028213 0.044567
0 0.116127 0.320866 0.044525 0.056337
0 0.257112 0.146597 0.043228 0.060462
0 0.088918 0.386905 0.016172 0.029419
0 0.138984 0.291778 0.022914 0.048380
0 0.287875 0.248221 0.028331 0.050170
0 0.436199 0.221222 0.084352 0.103460
0 0.111527 0.355345 0.026347 0.041995
0 0.213473 0.227078 0.031495 0.056711
0 0.222254 0.357841 0.041863 0.104719
0 0.172041 0.410724 0.105362 0.152132
0 0.113228 0.451826 0.080704 0.119218
0 0.060943 0.599983 0.035631 0.053088
0 0.353430 0.365240 0.081751 0.171291
0 0.047914 0.739847 0.047710 0.090663
0 0.236543 0.297720 0.056700 0.060511
0 0.120166 0.877825 0.114139 0.161595
0 0.076106 0.683203 0.063089 0.112165
0 0.523808 0.752364 0.205954 0.301146
0 0.275928 0.481672 0.087609 0.178099
0 0.461048 0.295561 0.096136 0.169867
0 0.337538 0.112389 0.063745 0.111569
0 0.294966 0.198709 0.067871 0.061074
0 0.655556 0.556318 0.155547 0.320809
0 0.385669 0.426046 0.079478 0.225554
0 0.260071 0.244463 0.049943 0.100709
0 0.196344 0.371770 0.071512 0.213387