0 0.165248 0.358171 0.047107 0.117153
0 0.286628 0.667546 0.078406 0.129353
0 0.084244 0.956919 0.119662 0.084362
0 0.172211 0.411052 0.083772 0.111656
0 0.221424 0.359873 0.043317 0.106896
0 0.293233 0.076196 0.021915 0.065632
0 0.090608 0.389225 0.016899 0.031742
0 0.228601 0.295229 0.059267 0.056553
0 0.258608 0.143124 0.041586 0.052901
0 0.162183 0.282340 0.027755 0.054401
0 0.062166 0.562324 0.029745 0.051904
0 0.212551 0.228098 0.029633 0.055014
0 0.435446 0.225410 0.083159 0.111892
0 0.066129 0.609203 0.049291 0.050616
0 0.116264 0.449905 0.073114 0.090867
0 0.354128 0.365148 0.083724 0.170962
0 0.046566 0.739755 0.051929 0.082905
0 0.197170 0.353144 0.059530 0.185558
0 0.120274 0.861609 0.114124 0.167982
0 0.264794 0.247723 0.064493 0.101253
0 0.301566 0.182913 0.057793 0.086376
0 0.337216 0.114054 0.064520 0.111254
0 0.074595 0.682595 0.061678 0.101254
0 0.523567 0.751878 0.206091 0.299766
0 0.277860 0.478842 0.099264 0.192683
0 0.655574 0.557388 0.155518 0.323593
0 0.461976 0.295778 0.093819 0.168355
0 0.385686 0.425307 0.079174 0.228142