0 0.047176 0.736488 0.045448 0.085453
0 0.366040 0.364622 0.107799 0.172713
0 0.337721 0.112037 0.064037 0.114597
0 0.074041 0.678168 0.058912 0.109408
0 0.281586 0.480903 0.101566 0.179736
0 0.435113 0.228288 0.082806 0.118223
0 0.119973 0.865227 0.113906 0.155680
0 0.465931 0.290288 0.085950 0.177082
0 0.384308 0.425646 0.076989 0.224515
0 0.524012 0.754057 0.206304 0.303999
0 0.655305 0.556827 0.155307 0.322880
0 0.298456 0.188776 0.052756 0.088921
0 0.269193 0.231778 0.050283 0.067055
0 0.226741 0.358601 0.041215 0.087464
0 0.200776 0.352041 0.084904 0.179300
0 0.216850 0.221574 0.018135 0.040816
0 0.254768 0.136297 0.034621 0.042274
0 0.296808 0.069242 0.036270 0.053936
0 0.180580 0.337464 0.064296 0.193878
0 0.111750 0.354956 0.025554 0.048105
0 0.090318 0.386297 0.020608 0.043732
0 0.115460 0.457726 0.085728 0.104956
0 0.064353 0.600583 0.042864 0.052478