0 0.059402 0.603734 0.032824 0.044221
0 0.084044 0.956964 0.120066 0.084337
0 0.118646 0.313548 0.025052 0.062670
0 0.436659 0.227201 0.085462 0.114665
0 0.366058 0.363178 0.107595 0.168350
0 0.157680 0.296718 0.039621 0.095698
0 0.047551 0.735073 0.044710 0.089947
0 0.300346 0.184469 0.059989 0.084742
0 0.268150 0.247864 0.057334 0.089735
0 0.337309 0.112249 0.064755 0.113665
0 0.217410 0.372039 0.101570 0.215699
0 0.074773 0.685873 0.057013 0.101867
0 0.120879 0.873741 0.116989 0.129791
0 0.463130 0.294824 0.091418 0.170761
0 0.279760 0.481308 0.095604 0.178294
0 0.383919 0.424123 0.078621 0.230205
0 0.523547 0.752810 0.205406 0.300871
0 0.647702 0.562945 0.170515 0.334052
0 0.091143 0.383382 0.023905 0.032070
0 0.108453 0.357872 0.027202 0.033528
0 0.292686 0.078717 0.021432 0.049563
0 0.225093 0.354227 0.054404 0.084548
0 0.066001 0.516035 0.029675 0.040816
0 0.089494 0.477405 0.040391 0.056851