0 0.287312 0.248937 0.025042 0.047926
0 0.074805 0.954068 0.070643 0.084162
0 0.062183 0.560442 0.029708 0.048072
0 0.156256 0.260680 0.019373 0.030792
0 0.126776 0.379843 0.055608 0.096246
0 0.436235 0.221183 0.084457 0.102995
0 0.258172 0.142417 0.040863 0.054356
0 0.090656 0.386975 0.016877 0.034459
0 0.211948 0.227440 0.030293 0.055526
0 0.221967 0.358432 0.043076 0.104491
0 0.161683 0.321990 0.031824 0.120624
0 0.064526 0.605505 0.044453 0.052927
0 0.353560 0.364383 0.082263 0.169702
0 0.111395 0.448242 0.086055 0.115860
0 0.047219 0.740447 0.047587 0.089076
0 0.119348 0.317326 0.049887 0.057021
0 0.237258 0.296340 0.056115 0.057722
0 0.178723 0.412245 0.101517 0.177530
0 0.259704 0.245196 0.052063 0.095806
0 0.294648 0.198662 0.067595 0.061613
0 0.120478 0.859505 0.112815 0.163238
0 0.282808 0.476119 0.107409 0.185891
0 0.197788 0.366836 0.065767 0.219955
0 0.337446 0.112386 0.064240 0.111500
0 0.075787 0.682473 0.062550 0.113623
0 0.522728 0.751033 0.204116 0.298682
0 0.655679 0.554777 0.155178 0.324301
0 0.460521 0.296062 0.097084 0.168738
0 0.385897 0.425803 0.080027 0.225897