0 0.304764 0.075571 0.043341 0.061703
0 0.353593 0.365255 0.080645 0.170259
0 0.173646 0.429065 0.091868 0.131572
0 0.094395 0.437693 0.056727 0.096756
0 0.063738 0.605385 0.041723 0.044190
0 0.126615 0.322554 0.020871 0.038169
0 0.221594 0.358868 0.044391 0.103837
0 0.091412 0.954497 0.103193 0.088608
0 0.047698 0.737881 0.045825 0.088006
0 0.090126 0.385673 0.016869 0.029666
0 0.258574 0.142692 0.041006 0.050996
0 0.242673 0.463979 0.043926 0.126413
0 0.435610 0.225228 0.083537 0.110995
0 0.212619 0.227573 0.029733 0.054937
0 0.062191 0.562699 0.029429 0.051484
0 0.184483 0.389055 0.089664 0.191953
0 0.172674 0.281882 0.050739 0.062360
0 0.267525 0.241795 0.062570 0.098825
0 0.336228 0.115140 0.066637 0.111099
0 0.119766 0.858910 0.113049 0.162235
0 0.075751 0.682661 0.061115 0.111082
0 0.301798 0.183196 0.057821 0.085393
0 0.525559 0.753079 0.209360 0.302124
0 0.462301 0.293559 0.094152 0.174018
0 0.278475 0.479046 0.089546 0.180771
0 0.385834 0.425888 0.079899 0.227041
0 0.648712 0.560489 0.169046 0.338937
0 0.067650 0.511662 0.032972 0.037901