0 0.289007 0.271881 0.041202 0.085993
0 0.258467 0.142184 0.040505 0.049869
0 0.114593 0.358555 0.033691 0.036976
0 0.116801 0.897737 0.121489 0.122048
0 0.293165 0.077768 0.021507 0.065738
0 0.233149 0.297345 0.065348 0.052529
0 0.057251 0.603553 0.031138 0.041343
0 0.445248 0.236035 0.104290 0.131471
0 0.090750 0.385056 0.016491 0.029895
0 0.270886 0.243458 0.054068 0.090012
0 0.108180 0.448186 0.086748 0.111134
0 0.062905 0.559388 0.031710 0.057769
0 0.228021 0.357466 0.053219 0.107872
0 0.051163 0.737052 0.051583 0.091415
0 0.366777 0.347808 0.108689 0.140379
0 0.107087 0.642239 0.084893 0.102410
0 0.295920 0.191073 0.063273 0.073098
0 0.337088 0.113617 0.064115 0.112090
0 0.183141 0.232327 0.055877 0.088057
0 0.192946 0.345482 0.056463 0.154757
0 0.215845 0.174779 0.058428 0.089180
0 0.135072 0.564818 0.117303 0.162273
0 0.280403 0.479306 0.098238 0.182673
0 0.460270 0.304548 0.096609 0.178412
0 0.525061 0.753390 0.208499 0.302505
0 0.377947 0.431145 0.080652 0.217545
0 0.650337 0.564029 0.165335 0.337772