0 0.090305 0.391961 0.018511 0.042676
0 0.228069 0.357996 0.053348 0.108140
0 0.104602 0.475229 0.056382 0.074674
0 0.047260 0.736910 0.043344 0.091907
0 0.198345 0.219693 0.053159 0.102838
0 0.361276 0.364353 0.111933 0.160297
0 0.074405 0.704497 0.048148 0.084788
0 0.336161 0.114781 0.066544 0.112381
0 0.227866 0.144734 0.058468 0.084609
0 0.296179 0.189535 0.063625 0.067300
0 0.196371 0.344897 0.053175 0.152461
0 0.106284 0.629455 0.085649 0.095705
0 0.280295 0.482966 0.097398 0.177201
0 0.119411 0.869948 0.116631 0.152775
0 0.460661 0.305444 0.094518 0.174145
0 0.378214 0.431469 0.078466 0.218904
0 0.523915 0.752385 0.206339 0.300397
0 0.657872 0.557398 0.149670 0.324321
0 0.278323 0.250708 0.047477 0.082707
0 0.254230 0.242876 0.041808 0.093358
0 0.118620 0.364149 0.041071 0.051579