0 0.194440 0.346382 0.054349 0.152076
0 0.081555 0.550439 0.066306 0.085814
0 0.437323 0.232465 0.087269 0.126377
0 0.465151 0.303658 0.082513 0.151004
0 0.295855 0.189593 0.065206 0.078581
0 0.110473 0.449110 0.082949 0.109105
0 0.337382 0.112385 0.063606 0.109478
0 0.071059 0.741450 0.090379 0.115083
0 0.164336 0.396773 0.099117 0.172974
0 0.279278 0.480492 0.094814 0.180430
0 0.131172 0.622653 0.125073 0.148471
0 0.115185 0.884177 0.124743 0.178992
0 0.387110 0.433356 0.076721 0.207058
0 0.524376 0.754006 0.206819 0.303900
0 0.657994 0.558493 0.150339 0.327658
0 0.161621 0.283528 0.049459 0.068513
0 0.215201 0.223032 0.034621 0.043732
0 0.262599 0.239067 0.046986 0.081633
0 0.226741 0.360787 0.051107 0.103499
0 0.110514 0.354956 0.023081 0.033528
0 0.053224 0.602041 0.027202 0.032070