0 0.437160 0.224372 0.087036 0.108068
0 0.115085 0.358086 0.032417 0.036693
0 0.103577 0.481666 0.054358 0.065887
0 0.225393 0.180588 0.049442 0.062751
0 0.051752 0.602639 0.018928 0.037834
0 0.090950 0.391192 0.017498 0.040014
0 0.048222 0.761612 0.046102 0.072196
0 0.295876 0.073630 0.030967 0.068654
0 0.062239 0.559328 0.029600 0.053839
0 0.073961 0.704272 0.053423 0.084761
0 0.229729 0.296224 0.052999 0.053795
0 0.105654 0.633417 0.086983 0.096749
0 0.298110 0.181624 0.057554 0.070904
0 0.227091 0.357737 0.052775 0.104475
0 0.336189 0.113983 0.066620 0.107960
0 0.330407 0.368829 0.099117 0.134518
0 0.198814 0.217021 0.048096 0.104819
0 0.118204 0.879006 0.114958 0.157427
0 0.193076 0.347247 0.058492 0.166039
0 0.282122 0.480632 0.099092 0.185215
0 0.461629 0.303513 0.093369 0.178753
0 0.378957 0.432665 0.077440 0.217575
0 0.522883 0.751379 0.204331 0.297541
0 0.648543 0.561554 0.166399 0.338122