0 0.258311 0.136909 0.041586 0.063649
0 0.243291 0.467268 0.041295 0.118454
0 0.090345 0.957894 0.107053 0.082107
0 0.228180 0.359323 0.055489 0.104965
0 0.293915 0.078010 0.022920 0.064825
0 0.212640 0.227786 0.030006 0.055584
0 0.290239 0.270546 0.039116 0.089265
0 0.233173 0.294805 0.064850 0.049836
0 0.091482 0.388285 0.018011 0.036151
0 0.062586 0.560398 0.028506 0.047303
0 0.435147 0.226926 0.082695 0.114410
0 0.118717 0.873528 0.119548 0.151738
0 0.354077 0.364213 0.084043 0.170685
0 0.115467 0.356076 0.031336 0.042079
0 0.167742 0.358685 0.050369 0.127113
0 0.161513 0.271916 0.023331 0.051927
0 0.116290 0.450544 0.073093 0.092365
0 0.047249 0.737034 0.045513 0.085505
0 0.272879 0.238781 0.052563 0.097792
0 0.062064 0.599672 0.037846 0.056480
0 0.301831 0.182278 0.057101 0.086669
0 0.337487 0.112927 0.063554 0.114220
0 0.199309 0.356367 0.069678 0.194651
0 0.278801 0.491530 0.097104 0.168129
0 0.072968 0.680774 0.058902 0.104072
0 0.522498 0.750712 0.203290 0.296946
0 0.461787 0.291198 0.094927 0.178293
0 0.385757 0.426033 0.079452 0.224952
0 0.655234 0.556305 0.154793 0.324248