0 0.281537 0.260418 0.044622 0.067835
0 0.293085 0.077828 0.020915 0.064573
0 0.090504 0.383813 0.016233 0.028935
0 0.084188 0.957781 0.119038 0.082903
0 0.365994 0.363183 0.108037 0.168919
0 0.060860 0.603868 0.035835 0.044958
0 0.435237 0.229933 0.083085 0.120197
0 0.047365 0.737418 0.044206 0.089790
0 0.297071 0.186071 0.061640 0.077360
0 0.158751 0.311194 0.044536 0.110457
0 0.337233 0.113110 0.064930 0.112015
0 0.217151 0.169371 0.053266 0.102393
0 0.075162 0.684993 0.061258 0.109895
0 0.162100 0.409683 0.105049 0.168882
0 0.217492 0.368838 0.100841 0.230909
0 0.117795 0.872220 0.116404 0.130126
0 0.464406 0.292772 0.088646 0.172106
0 0.384022 0.426502 0.077793 0.224770
0 0.278998 0.480314 0.093914 0.181523
0 0.526431 0.758647 0.211046 0.311931
0 0.648963 0.565660 0.168241 0.341896
0 0.107217 0.355685 0.016486 0.029155
0 0.058582 0.558309 0.029675 0.049563
0 0.079190 0.517493 0.021432 0.043732
0 0.095264 0.477405 0.045337 0.059767
0 0.061880 0.516764 0.031324 0.056851